set 	title 'ZigZag Algorithm' font ',18'
set 	terminal wxt size 1800,900
set 	style line 1 lt rgb 'black' lw 1
plot '-' lw 1 lc rgb 'black' with lines
0 13636.17 80115.6866107865
1 13266.4 80110.68861918604
2 13455.7 80105.89821005512
3 13560.1 80101.34450111269
4 13791 80097.05657780076
5 13761.5 80093.06336859132
6 13549.37 80089.39351427098
7 14023.53 80086.07523144614
8 14144.01 80083.13617056177
9 15590.02 80080.60326877974
10 15579.92 80078.50259811826
11 14818.3 80076.85920931288
12 15475.1 80075.69697192017
13 15328.41 80075.03841124919
14 15297.21 80074.90454277201
15 15684.24 80075.31470473229
16 16291.86 80076.28638974154
17 16320.7 80077.83507622418
18 16070.45 80079.97406064559
19 15957 80082.71429153135
20 16713.57 80086.0642063604
21 17659.38 80090.02957248922
22 17776.12 80094.6133333379
23 17802.82 80099.81546114189
24 18655.67 80105.6328176438
25 18703.8 80112.05902416771
26 18414.43 80119.08434258321
27 18368 80126.69556872627
28 19160.01 80134.8759398992
29 18719.11 80143.60505811953
30 17149.47 80152.85883082886
31 17139.52 80162.60943080334
32 17719.85 80172.82527702961
33 18184.99 80183.47103831872
34 19695.87 80194.50766142683
35 18764.96 80205.89242543327
36 19204.09 80217.57902409064
37 19421.9 80229.51767780854
38 18650.52 80241.65527685883
39 19147.66 80253.93555729455
40 19359.4 80266.29931095574
41 19166.9 80278.68463079003
42 18324.11 80291.02719254322
43 18541.28 80303.26057367322
44 18254.63 80315.3166101069
45 18036.53 80327.12579119328
46 18808.69 80338.6176929051
47 19174.99 80349.72144900344
48 19273.14 80360.36625950556
49 19426.43 80370.48193538257
50 21335.52 80379.99947796152
51 22797.16 80388.85169101444
52 23107.39 80396.97382298556
53 23821.61 80404.30423623801
54 23455.52 80410.78509959365
55 22719.71 80416.36309979609
56 23810.79 80420.99016685114
57 23232.76 80424.62420749267
58 23729.2 80427.22984029142
59 24712.47 80428.77912517457
60 26493.39 80429.25227936129
61 26281.66 80428.63837095356
62 27079.41 80426.93598066024
63 27385 80424.15382138905
64 28875.54 80420.31130472585
65 28923.63 80415.43904265239
66 29331.69 80409.57927224341
67 32178.33 80402.78619055703
68 33000.05 80395.1261865031
69 31988.71 80386.6779561701
70 33949.53 80377.5324879347
71 36769.36 80367.79290369689
72 39432.28 80357.57414280657
73 40582.81 80347.00247570574
74 40088.22 80336.2148350349
75 38150.02 80325.35795297872
76 35404.47 80314.5872949867
77 34051.24 80304.06578173487
78 37371.38 80293.96229332997
79 39144.5 80284.44995232874
80 36742.22 80275.70418518451
81 35994.98 80267.900565268
82 35828.61 80261.21244466113
83 36631.27 80255.80838650755
84 35891.49 80251.84941482924
85 35468.23 80249.48610438092
86 30850.13 80248.85553929652
87 32945.17 80250.07817595235
88 32078 80253.2546525777
89 32259.9 80258.4625956117
90 32254.2 80265.75348053557
91 32467.77 80275.14961277205
92 30366.15 80286.64130207582
93 33364.86 80300.18431144045
94 34252.2 80315.69766867548
95 34262.88 80333.061935178
96 33092.98 80352.11803169936
97 33526.37 80372.66672471007
98 35466.24 80394.4688788557
99 37618.87 80417.24658049313
100 36936.66 80440.68523386614
101 38290.24 80464.4367245485
102 39186.94 80488.12373374651
103 38795.69 80511.3452712827
104 46374.87 80533.68347395361
105 46420.42 80554.71168885959
106 44807.58 80574.00382769808
107 47969.51 80591.14493743816
108 47287.6 80605.74288494732
109 47153.69 80617.4409979209
110 48577.79 80625.93144204956
111 47911.1 80630.96904529181
112 49133.45 80632.38520540131
113 52119.71 80630.1014380632
114 51552.6 80624.14204237645
115 55906 80614.64528104926
116 55841.19 80601.87239855007
117 57408.57 80586.21373663042
118 54087.67 80568.19115930537
119 48891 80548.4559759477
120 49676.2 80527.78156024878
121 47073.73 80507.04991417717
122 46276.87 80487.23153042633
123 46106.43 80469.35807547135
124 45135.66 80454.48765955429
125 49587.03 80443.66279018526
126 48440.65 80437.86153059997
127 50349.37 80437.94290904579
128 48374.09 80444.5882482241
129 48751.71 80458.24079808893
130 48882.2 80479.046839796
131 50971.75 80506.80224963077
132 52375.17 80540.90931648607
133 54884.5 80580.34931979234
134 55851.59 80623.67689561215
135 57773.16 80669.04241727375
136 57221.72 80714.24833486654
137 61188.39 80756.84447084203
138 58968.31 80794.26545559581
139 55605.2 80824.01060607012
140 56900.75 80843.86242940066
141 58912.97 80852.13447148837
142 57648.16 80847.93245960459
143 58030.01 80831.40485730823
144 58102.28 80803.95062736112
145 57351.56 80768.34419171911
146 54083.25 80728.73185624751
147 54340.89 80690.45255817185
148 52303.65 80659.64160036882
149 51293.78 80642.5925031068
150 55025.59 80644.88280428818
151 55817.14 80670.3174288241
152 55777.63 80719.80879147378
153 57635.47 80790.39229835995
154 58746.57 80874.65798377234
155 58740.55 80960.94097269991
156 58720.44 81034.61798065368
157 58950.01 81080.75151296637
158 57051.94 81088.04605042783
159 58202.01 81053.58049890619
160 59129.99 80987.061970234
161 57991.15 80912.54022813754
162 55953.45 80864.99562195389
163 58077.52 80879.65864750883
164 58142.54 80974.31896995672
165 59769.13 81130.07671367786
166 60002.43 81283.42966973383
167 59860 81347.94742184506
168 63575 81276.28633301076
169 62959.53 81137.68033520128
170 63159.98 81121.98073184055
171 61334.8 81356.08863765365
172 60006.66 81614.6354775445
173 56150.01 81495.39195210459
174 55633.14 81400.22677984246
175 56425 81902.07033963811
176 53787.63 81638.73731278953
177 51690.96 82190.19679604207
178 51125.14 82306.39829253408
179 50047.84 132370.51038742554
e